1.57876594617609e-05
1.60000000000000e-05  --65
1.60885879595127e-05
1.64094668644407e-05
1.66703043105600e-05
1.67588922700727e-05
1.70797711750007e-05
1.74579637723208e-05
1.76703043105600e-05
1.77588922700727e-05
1.80797711750007e-05



30006.5897627886	29972.6983369743	4799.99946640226	4799.99946640226	4799.99946640226	21959.4521587561	15.1819518958675	18318.0576836233	25.3795715034903	-49.1987261846701	1.50469342140904	1.50469342140919	1.50469342140908	0.0169442553178175	20354.8727943952	-8.62602298149838e-05	12202.7511907726	0.00543480814594350	-907.367235752521	-0.00543480814594350	907.367235752596	-0.0300928499903550	-17797.5885563682	-0.0189810256997691	-19742.8629066493	-0.0189810256997691	-19742.8629066493	-0.0189810256997691	-19742.8629066493	0.0284715385496536	29614.2943599739	-0.0284715385496536	-29614.2943599739	-878.607258606306	1763.36261254991	39357.9180849840	0.0394520196936681	-32575.3614396210	0.000700520865010553	-39415.7699922541	0.0395997769878290	-31907.8833140899	0.000152208183019020	-31847.8365049066	2653.05169706514
30006.6849657426	29972.2031908423	4799.99945930486	4799.99945930486	4799.99945930486	22003.9998274115	15.3068297597434	18332.7504874309	25.4873093288606	-49.1716447290324	1.50352256559433	1.50352256559448	1.50352256559436	0.0169104881802319	20349.0553527551	-0.000100310538772749	12181.8812304984	0.00547251970219598	-896.570642781816	-0.00547251970219597	896.570642781891	-0.0301069955022804	-17818.4692055811	-0.0189803178278026	-19741.5692528512	-0.0189803178278026	-19741.5692528513	-0.0189803178278026	-19741.5692528513	0.0284704767417038	29612.3538792769	-0.0284704767417038	-29612.3538792769	-878.711875699688	1764.17437815398	39357.9781088827	0.0394672444259020	-32556.5587714348	0.000675939597493975	-39415.8746004002	0.0395867304318470	-31889.1496044235	0.000123183689311212	-31829.0595052406	2652.99724805859
30008.6990088853	-7938976.58756789	4799.99945634548	4799.99945634548	4799.99945634548	29265534958995.4	47598479852.6755	-231466228455.359	2445374493.06553	-1259.81118849887	1.50303437885953	1.50303437885967	1.50303437885956	9878028419.23125	1747592256941.69	-0.302893454011618	11864.6082185529	603237.770491321	509755202.822495	-603237.770491156	-509755202.822497	-0.332901875365049	-18135.7323675270	-0.0189800226536093	-19741.0298377084	-0.0189800226536093	-19741.0298377084	-0.0189800226536093	-19741.0298377084	0.0284700339804139	29611.5447565625	-0.0284700339804139	-29611.5447565626	3976205869046.95	-4206165659418.67	68883970292.8699	5376760391.98813	145971715996.428	873304842.484368	195576660462.586	-6088213381.99762	-253355558128.164	5405731973.37739	-312261696456.548	1.84276764661221e+15
30003.5349674702	79637266.4216995	4799.99944563418	4799.99944563418	4799.99944563418	659599660453616	2708144657508.50	2121071119539.91	-25997117015.8151	-1885.45912428129	1.50126752863706	1.50126752863721	1.50126752863710	13418760141.4187	44469617744863.5	-0.458461699900040	12666.6806509072	-6555789.01939381	-5092312651.44861	6555789.01939266	5092312651.44862	-0.488465864947832	-17333.7063807608	-0.0189789542184788	-19739.0774432669	-0.0189789542184788	-19739.0774432670	-0.0189789542184788	-19739.0774432669	0.0284684313277181	29608.6161649003	-0.0284684313277181	-29608.6161649003	111606772773183	-151485551356908	7810316763150.86	8809990479.42511	-3378869695689.90	5116324746.35767	9540430119574.52	-9774444731.05593	-10470202725300.3	10409576440.2293	-26149076870503.3	3.54231776855378e+15
30152.7631733052	495652629.833712	4799.99943693828	4799.99943693828	4799.99943693828	553946960885314	2437755321401.37	5380194438351.27	-60827974613.3538	-86496.3670582700	1.49983327402810	1.49983327402824	1.49983327402813	-5645494027.40362	40488356561181.9	-21.6245163627189	-11257.7074866033	-15388167.5743065	-31703961060.3937	15388167.5743044	31703961060.3937	-21.6546733779767	-41258.2135694072	-0.0189780867164561	-19737.4923802032	-0.0189780867164561	-19737.4923802033	-0.0189780867164561	-19737.4923802032	0.0284671300746842	29606.2385703048	-0.0284671300746842	-29606.2385703048	105309989122077	-151847370997023	8196318000912.30	-1703322961.97603	-6544596875460.12	3504839518.51678	9826409845600.49	2111931458.63843	-12245679041392.6	138171957.832233	-28415837989807.0	11
30275.3443795292	676882340.522156	4799.99943398615	4799.99943398615	4799.99943398615	488287094907305	2081630714323.82	6272823733716.46	-69711146002.7192	-135672.894841153	1.49934637578589	1.49934637578604	1.49934637578593	-4315222882.72891	37096709129836.2	-33.9312416144967	-30933.3948073051	-17462239.6296879	-43296872603.1314	17462239.6296879	43296872603.1314	-33.9615169481601	-60934.0456602379	-0.0189777922055544	-19736.9542729300	-0.0189777922055544	-19736.9542729301	-0.0189777922055544	-19736.9542729300	0.0284666883083315	29605.4314093950	-0.0284666883083315	-29605.4314093950	97883938679241.8	-144406972484997	7874184817392.52	-1144304825.05901	-7355670087073.54	3217557010.33302	9419446461881.10	1456270728.97754	-12334864700585.7	534930206.455695	-27776382901504.3	-45544091759332.5
31375.8021581598	1506305377.43731	4799.99942330113	4799.99942330113	4799.99942330113	322411554676183	1340438111839.20	8723265971298.08	-94002220181.6508	-457528.987988914	1.49758420376104	1.49758420376119	1.49758420376108	-2431858232.50693	28747890091988.1	-114.530390692652	-207844.451448472	-23585037.7772619	-96353507750.3639	23585037.7772619	96353507750.3639	-114.561766480682	-237846.951447707	-0.0189767261635982	-19735.0066119580	-0.0189767261635982	-19735.0066119581	-0.0189767261635982	-19735.0066119581	0.0284650892453972	29602.5099179371	-0.0284650892453972	-29602.5099179371	79933684186053.3	-127194279335513	7170402183415.39	-553240410.983599	-9976946065071.05	2710246789.52121	8506847508384.04	729148813.656806	-13135704360182.4	1154042272.14145	-26962491082612.6	-102389158821036