matlab运行结果
247.578595072703
247.588167269304
247.562819597163
247.491673713882
247.446693871100
247.249024655088
247.053053147386
246.953585184458
246.583875322532
246.263356675933
246.109541942503
245.568316812656
245.123706501217
244.915763576283
244.203792289041
243.635722128261
243.373946509916
242.492240815234
241.801518063906
241.486281749580
240.436094599293
239.623700812160
239.255451769897
238.038275537280
237.105365170286


c++运行结果：
j: 0
0 / 0.1
adaptive run time: 0.144662 s
y信息：
 247.579   369.58  232.184  201.356 -323.641 -354.287  170.494  139.605  108.693  77.7621  46.8187  15.8677  -15.086 -46.0371 -76.9807 -107.911 -138.824 -169.714 -200.576 -231.405 -262.196 -292.943 -976.289 -1009.47 -994.478 -959.714 -1065.14 -1106.52 -1133.57 -1146.24 -1144.54 -1128.48 -1098.08 -1053.39 -1039.09 -1087.62 -1121.84  -1141.7 -1147.19 -1138.31 -1115.07 -1077.52 -1025.71
 247.579  369.491  232.187  201.363 -323.559 -354.199  170.506  139.621  108.713  77.7872  46.8483  15.9017 -15.0476 -45.9943 -76.9334  -107.86 -138.768 -169.654 -200.511 -231.336 -262.122 -292.865  10503.1  10484.3  10431.1    10444  10451.5  10425.4  10406.1  10393.4  10387.6  10388.4    10396  10410.2  10467.1  10437.6  10414.9  10398.9  10389.7  10387.1  10391.3  10402.3  10419.8
 247.492   369.27  232.107  201.299 -323.361 -353.986  170.458  139.588  108.695  77.7847  46.8613  15.9301 -15.0038 -45.9351 -76.8589  -107.77 -138.663 -169.533 -200.375 -231.184 -261.955 -292.682  21978.9  21974.3    21853  21844.1  21964.5  21953.7    21942  21929.4    21916  21901.6  21886.3  21870.1  21969.5  21959.2    21948  21935.8  21922.8  21908.9  21894.1  21878.3  21861.7

j: 100
0.01 / 0.1
adaptive run time: 10.697 s
y信息：
-201.683 -298.255 -189.214 -164.244  261.046  285.868 -139.245 -114.224 -89.1825 -64.1264 -39.0593 -13.9857  11.0902  36.1643  61.2323  86.2898  111.333  136.357  161.358  186.331  211.273   236.18  -357189  -357608  -355495  -354842  -358278  -358721  -358938  -358929  -358694  -358233  -357545  -356633  -357971  -358528  -358858  -358962  -358840  -358492  -357917  -357117  -356092
 -198.94 -294.088 -186.644 -162.018  257.394  281.873 -137.366  -112.69 -87.9949  -63.285 -38.5644 -13.8372  10.8922  35.6198  60.3414  85.0527   109.75  134.428  159.083  183.712  208.309  232.871  -366423  -366854  -364686  -364015  -367543  -367999  -368223  -368214  -367973  -367499  -366793  -365855  -367228  -367800  -368140  -368247  -368122  -367765  -367175  -366353  -365299
-196.127 -289.817 -184.007 -159.736   253.65  277.777 -135.437 -111.116  -86.776 -62.4211 -38.0557 -13.6838  10.6903  35.0627  59.4291  83.7854  108.127  132.451  156.752  181.027  205.271   229.48  -375527  -375970  -373748  -373059  -376677  -377146  -377376  -377368  -377120  -376634  -375910  -374947  -376354  -376942  -377291  -377402  -377274  -376907  -376302  -375458  -374377

j: 200
0.02 / 0.1
adaptive run time: 21.678 s
y信息：
 78.7515  113.007  73.9708  64.3959 -98.7399 -108.258  54.8092  45.2126  35.6078  25.9966  16.3806   6.7617 -2.85842  -12.478 -22.0952 -31.7084 -41.3158 -50.9156 -60.5061 -70.0855 -79.6521 -89.2042   578920   579632   576197   575106   580771   581529   581908   581906   581524   580761   579619   578097   580249   581198   581766   581955   581763   581190   580237   578905   577194
 74.3132  106.354  69.8091  60.7882  -92.913  -101.88  51.7562  42.7147  33.6655    24.61  15.5501  6.48743 -2.57644 -11.6398  -20.701 -29.7583 -38.8102 -47.8549 -56.8908 -65.9162 -74.9295 -83.9289   582382   583099   579644   578545   584245   585010   585391   585389   585005   584237   583087   581556   583720   584675   585248   585438   585245   584669   583710   582369   580647
 69.8485  99.6638  65.6227   57.159 -87.0531 -95.4661  48.6848  40.2017  31.7111  23.2148  14.7142  6.21086 -2.29354 -10.7975 -19.2994 -27.7977 -36.2908 -44.7772 -53.2553 -61.7234 -70.1802 -78.6239   585637   586358   582884   581779   587512   588282   588666   588664   588277   587505   586348   584808   586983   587945   588522   588713   588519   587940   586975   585626   583893

j: 300
0.03 / 0.1
adaptive run time: 33.7848 s
y信息：
 74.2605  115.406  69.5267  60.0489 -101.281 -110.704  50.5622   41.068  31.5678   22.063   12.555  3.04508 -6.46522 -15.9745 -25.4814 -34.9845 -44.4824 -53.9737 -63.4569 -72.9307 -82.3937 -91.8444  -579524  -580256  -576812  -575699  -581429  -582213  -582609  -582615  -582231  -581459  -580297  -578748  -580891  -581870  -582460  -582660  -582472  -581893  -580926  -579571  -577828
 78.6991  122.004    73.69   63.661 -107.057 -117.027  53.6225   43.576   33.523  23.4651  13.4037  3.34036 -6.72346 -16.7862 -26.8465 -36.9027 -46.9534  -56.997 -67.0321 -77.0572 -87.0707 -97.0713  -575891  -576619  -573197  -572090  -577786  -578566  -578960  -578966  -578585  -577817  -576662  -575122  -577251  -578224  -578811  -579011  -578824  -578249  -577288  -575940  -574207
 83.1098  128.557  77.8272  67.2505 -112.795  -123.31  56.6637  46.0684  35.4663  24.8588  14.2477  3.63445 -6.97931  -17.592  -28.202 -38.8078 -49.4077 -60.0001 -70.5835 -81.1563 -91.7169 -102.264  -572054  -572777  -569378  -568278  -573938  -574714  -575105  -575111  -574733  -573969  -572822  -571291  -573405  -574374  -574957  -575156  -574970  -574399  -573444  -572104  -570382

j: 400
0.04 / 0.1
adaptive run time: 45.7043 s
y信息：
-198.907 -299.738 -186.467 -161.557  262.617   287.38 -136.621 -111.662 -86.6857 -61.6953  -36.695 -11.6887  13.3194  38.3253  63.3251  88.3146   113.29  138.247  163.182   188.09  212.968  237.812   358769   359242   357104   356395   360001   360512   360773   360784   360546   360059   359322   358337   359652   360287   360673   360810   360696   360333   359721   358861   357751
-201.651  -303.76 -189.042 -163.794  266.135  291.234 -138.519 -113.222 -87.9068 -62.5774 -37.2378 -11.8922  13.4552  38.8005  64.1395  89.4682  114.782  140.078  165.351  190.597  215.813  240.994   349429   349890   347808   347117   350632   351130   351385   351397   351165   350690   349972   349011   350292   350912   351288   351422   351312   350958   350361   349522   348440
-204.323 -307.674  -191.55 -165.973  269.559  294.985 -140.369 -114.742 -89.0968 -63.4372 -37.7674 -12.0915  13.5863  39.2619  64.9312    90.59  116.234  141.859  167.462  193.037  218.581   244.09   339965   340415   338389   337715   341138   341624   341873   341885   341660   341197   340497   339561   340806   341411   341779   341909   341802   341458   340876   340058   339004

j: 500
0.05 / 0.1
adaptive run time: 57.8756 s
y信息： 
 247.579   369.58  232.184  201.356 -323.641 -354.287  170.494  139.605  108.693  77.7621  46.8187  15.8677  -15.086 -46.0371 -76.9807 -107.911 -138.824 -169.714 -200.576 -231.405 -262.196 -292.943 -976.289 -1009.47 -994.478 -959.714 -1065.14 -1106.52 -1133.57 -1146.24 -1144.54 -1128.48 -1098.08 -1053.39 -1039.09 -1087.62 -1121.84  -1141.7 -1147.19 -1138.31 -1115.07 -1077.52 -1025.71
 247.579  369.491  232.187  201.363 -323.559 -354.199  170.506  139.621  108.713  77.7872  46.8483  15.9017 -15.0475 -45.9943 -76.9334  -107.86 -138.768 -169.654 -200.511 -231.336 -262.122 -292.865  10503.1  10484.3  10431.1    10444  10451.5  10425.4  10406.1  10393.4  10387.6  10388.4    10396  10410.2  10467.1  10437.6  10414.9  10398.9  10389.7  10387.1  10391.3  10402.3  10419.8
 247.492   369.27  232.107  201.299 -323.361 -353.986  170.458  139.588  108.695  77.7847  46.8613  15.9301 -15.0038 -45.9351 -76.8589  -107.77 -138.663 -169.533 -200.375 -231.184 -261.955 -292.682  21978.9  21974.3    21853  21844.1  21964.5  21953.7    21942  21929.4    21916  21901.6  21886.3  21870.1  21969.5  21959.2    21948  21935.8  21922.8  21908.9  21894.1  21878.3  21861.7

j: 600
0.06 / 0.1
adaptive run time: 70.1831 s
y信息：
-201.683 -298.255 -189.214 -164.244  261.046  285.868 -139.245 -114.224 -89.1825 -64.1264 -39.0593 -13.9857  11.0902  36.1643  61.2323  86.2898  111.333  136.357  161.358  186.331  211.273   236.18  -357189  -357608  -355495  -354842  -358278  -358721  -358938  -358929  -358694  -358233  -357545  -356633  -357971  -358528  -358858  -358962  -358840  -358492  -357917  -357117  -356092
 -198.94 -294.088 -186.644 -162.018  257.394  281.873 -137.366  -112.69 -87.9949  -63.285 -38.5644 -13.8372  10.8922  35.6198  60.3414  85.0527   109.75  134.428  159.083  183.712  208.309  232.871  -366423  -366854  -364686  -364015  -367543  -367999  -368223  -368214  -367973  -367499  -366793  -365855  -367228  -367800  -368140  -368247  -368122  -367765  -367175  -366353  -365299
-196.127 -289.817 -184.007 -159.736   253.65  277.777 -135.437 -111.116  -86.776 -62.4211 -38.0557 -13.6838  10.6903  35.0627  59.4291  83.7854  108.127  132.451  156.752  181.027  205.271   229.48  -375527  -375970  -373748  -373059  -376677  -377146  -377376  -377368  -377120  -376634  -375910  -374947  -376354  -376942  -377291  -377402  -377274  -376907  -376302  -375458  -374377

j: 700
0.07 / 0.1
adaptive run time: 82.7326 s
y信息：
 78.7515  113.007  73.9708  64.3959 -98.7399 -108.258  54.8092  45.2126  35.6078  25.9966  16.3806   6.7617 -2.85842  -12.478 -22.0952 -31.7084 -41.3158 -50.9156 -60.5061 -70.0855 -79.6521 -89.2042   578920   579632   576197   575106   580771   581529   581908   581906   581524   580761   579619   578097   580249   581198   581766   581955   581763   581190   580237   578905   577194
 74.3132  106.354  69.8091  60.7882  -92.913  -101.88  51.7562  42.7147  33.6655    24.61  15.5502  6.48744 -2.57643 -11.6398  -20.701 -29.7583 -38.8102 -47.8549 -56.8908 -65.9162 -74.9295 -83.9289   582382   583099   579644   578545   584245   585010   585391   585389   585005   584237   583087   581556   583720   584675   585248   585438   585245   584669   583710   582369   580647
 69.8485  99.6638  65.6227   57.159 -87.0531 -95.4661  48.6848  40.2017  31.7111  23.2148  14.7142  6.21087 -2.29354 -10.7975 -19.2994 -27.7977 -36.2908 -44.7772 -53.2553 -61.7234 -70.1802 -78.6239   585637   586358   582884   581779   587512   588282   588666   588664   588277   587505   586348   584808   586983   587945   588522   588713   588519   587940   586975   585626   583893

j: 800
0.08 / 0.1
adaptive run time: 95.5095 s
y信息：
 74.2605  115.406  69.5267  60.0488 -101.281 -110.704  50.5622   41.068  31.5678   22.063   12.555  3.04507 -6.46523 -15.9745 -25.4814 -34.9845 -44.4824 -53.9737 -63.4569 -72.9307 -82.3937 -91.8444  -579524  -580256  -576812  -575699  -581429  -582213  -582609  -582615  -582231  -581459  -580297  -578748  -580891  -581870  -582460  -582660  -582472  -581893  -580926  -579571  -577828
 78.6991  122.004    73.69   63.661 -107.057 -117.027  53.6225   43.576   33.523  23.4651  13.4037  3.34036 -6.72346 -16.7862 -26.8465 -36.9027 -46.9534  -56.997 -67.0321 -77.0572 -87.0707 -97.0713  -575891  -576619  -573197  -572090  -577786  -578566  -578960  -578966  -578585  -577817  -576662  -575122  -577251  -578224  -578811  -579011  -578824  -578249  -577288  -575940  -574207
 83.1098  128.557  77.8272  67.2505 -112.795  -123.31  56.6637  46.0684  35.4663  24.8588  14.2477  3.63445 -6.97931  -17.592  -28.202 -38.8078 -49.4077 -60.0001 -70.5835 -81.1563 -91.7169 -102.264  -572054  -572777  -569378  -568278  -573938  -574714  -575105  -575111  -574733  -573969  -572822  -571291  -573405  -574374  -574957  -575156  -574970  -574399  -573444  -572104  -570382

j: 900
0.09 / 0.1
adaptive run time: 108.28 s
y信息：
-198.907 -299.738 -186.467 -161.557  262.617   287.38 -136.621 -111.662 -86.6857 -61.6953  -36.695 -11.6887  13.3194  38.3253  63.3251  88.3146   113.29  138.247  163.182   188.09  212.968  237.812   358769   359242   357104   356395   360001   360512   360773   360784   360546   360059   359322   358337   359652   360287   360673   360810   360696   360333   359721   358861   357751
-201.651  -303.76 -189.042 -163.794  266.135  291.234 -138.519 -113.222 -87.9068 -62.5774 -37.2378 -11.8922  13.4552  38.8005  64.1395  89.4682  114.782  140.078  165.351  190.597  215.813  240.994   349429   349890   347808   347117   350632   351130   351385   351397   351165   350690   349972   349011   350292   350912   351288   351422   351312   350958   350361   349522   348440
-204.323 -307.674  -191.55 -165.973  269.559  294.985 -140.369 -114.742 -89.0968 -63.4372 -37.7674 -12.0915  13.5863  39.2619  64.9312    90.59  116.234  141.859  167.462  193.037  218.581   244.09   339965   340415   338389   337715   341138   341624   341873   341885   341660   341197   340497   339561   340806   341411   341779   341909   341802   341458   340876   340058   339004

adaptive run time: 120.783 s

t_all信息：
t_all维度: 2001
t_all内容:
      0   5e-05  0.0001 0.00015  0.0002 0.00025  0.0003 0.00035  0.0004 0.00045  0.0005 0.00055  0.0006 0.00065  0.0007 0.00075  0.0008 0.00085  0.0009 0.00095   0.001 0.00105  0.0011 0.00115  0.0012 0.00125  0.0013 0.00135  0.0014 0.00145  0.0015 0.00155  0.0016 0.00165  0.0017 0.00175  0.0018 0.00185  0.0019 0.00195   0.002 0.00205  0.0021 0.00215  0.0022 0.00225  0.0023 0.00235  0.0024 0.00245  0.0025 0.00255  0.0026 0.00265  0.0027 0.00275  0.0028 0.00285  0.0029 0.00295   0.003 0.00305  0.0031 0.00315  0.0032 0.00325  0.0033 0.00335  0.0034 0.00345  0.0035 0.00355  0.0036 0.00365  0.0037 0.00375  0.0038 0.00385  0.0039 0.00395   0.004 0.00405  0.0041 0.00415  0.0042 0.00425  0.0043 0.00435  0.0044 0.00445  0.0045 0.00455  0.0046 0.00465  0.0047 0.00475  0.0048 0.00485  0.0049 0.00495   0.005 0.00505  0.0051 0.00515  0.0052 0.00525  0.0053 0.00535  0.0054 0.00545  0.0055 0.00555  0.0056 0.00565  0.0057 0.00575  0.0058 0.00585  0.0059 0.00595   0.006 0.00605  0.0061 0.00615  0.0062 0.00625  0.0063 0.00635  0.0064 0.00645  0.0065 0.00655  0.0066 0.00665  0.0067 0.00675  0.0068 0.00685  0.0069 0.00695   0.007 0.00705  0.0071 0.00715  0.0072 0.00725  0.0073 0.00735  0.0074 0.00745  0.0075 0.00755  0.0076 0.00765  0.0077 0.00775  0.0078 0.00785  0.0079 0.00795   0.008 0.00805  0.0081 0.00815  0.0082 0.00825  0.0083 0.00835  0.0084 0.00845  0.0085 0.00855  0.0086 0.00865  0.0087 0.00875  0.0088 0.00885  0.0089 0.00895   0.009 0.00905  0.0091 0.00915  0.0092 0.00925  0.0093 0.00935  0.0094 0.00945  0.0095 0.00955  0.0096 0.00965  0.0097 0.00975  0.0098 0.00985  0.0099 0.00995    0.01 0.01005  0.0101 0.01015  0.0102 0.01025  0.0103 0.01035  0.0104 0.01045  0.0105 0.01055  0.0106 0.01065  0.0107 0.01075  0.0108 0.01085  0.0109 0.01095   0.011 0.01105  0.0111 0.01115  0.0112 0.01125  0.0113 0.01135  0.0114 0.01145  0.0115 0.01155  0.0116 0.01165  0.0117 0.01175  0.0118 0.01185  0.0119 0.01195   0.012 0.01205  0.0121 0.01215  0.0122 0.01225  0.0123 0.01235  0.0124 0.01245  0.0125 0.01255  0.0126 0.01265  0.0127 0.01275  0.0128 0.01285  0.0129 0.01295   0.013 0.01305  0.0131 0.01315  0.0132 0.01325  0.0133 0.01335  0.0134 0.01345  0.0135 0.01355  0.0136 0.01365  0.0137 0.01375  0.0138 0.01385  0.0139 0.01395   0.014 0.01405  0.0141 0.01415  0.0142 0.01425  0.0143 0.01435  0.0144 0.01445  0.0145 0.01455  0.0146 0.01465  0.0147 0.01475  0.0148 0.01485  0.0149 0.01495   0.015 0.01505  0.0151 0.01515  0.0152 0.01525  0.0153 0.01535  0.0154 0.01545  0.0155 0.01555  0.0156 0.01565  0.0157 0.01575  0.0158 0.01585  0.0159 0.01595   0.016 0.01605  0.0161 0.01615  0.0162 0.01625  0.0163 0.01635  0.0164 0.01645  0.0165 0.01655  0.0166 0.01665  0.0167 0.01675  0.0168 0.01685  0.0169 0.01695   0.017 0.01705  0.0171 0.01715  0.0172 0.01725  0.0173 0.01735  0.0174 0.01745  0.0175 0.01755  0.0176 0.01765  0.0177 0.01775  0.0178 0.01785  0.0179 0.01795   0.018 0.01805  0.0181 0.01815  0.0182 0.01825  0.0183 0.01835  0.0184 0.01845  0.0185 0.01855  0.0186 0.01865  0.0187 0.01875  0.0188 0.01885  0.0189 0.01895   0.019 0.01905  0.0191 0.01915  0.0192 0.01925  0.0193 0.01935  0.0194 0.01945  0.0195 0.01955  0.0196 0.01965  0.0197 0.01975  0.0198 0.01985  0.0199 0.01995    0.02 0.02005  0.0201 0.02015  0.0202 0.02025  0.0203 0.02035  0.0204 0.02045  0.0205 0.02055  0.0206 0.02065  0.0207 0.02075  0.0208 0.02085  0.0209 0.02095   0.021 0.02105  0.0211 0.02115  0.0212 0.02125  0.0213 0.02135  0.0214 0.02145  0.0215 0.02155  0.0216 0.02165  0.0217 0.02175  0.0218 0.02185  0.0219 0.02195   0.022 0.02205  0.0221 0.02215  0.0222 0.02225  0.0223 0.02235  0.0224 0.02245  0.0225 0.02255  0.0226 0.02265  0.0227 0.02275  0.0228 0.02285  0.0229 0.02295   0.023 0.02305  0.0231 0.02315  0.0232 0.02325  0.0233 0.02335  0.0234 0.02345  0.0235 0.02355  0.0236 0.02365  0.0237 0.02375  0.0238 0.02385  0.0239 0.02395   0.024 0.02405  0.0241 0.02415  0.0242 0.02425  0.0243 0.02435  0.0244 0.02445  0.0245 0.02455  0.0246 0.02465  0.0247 0.02475  0.0248 0.02485  0.0249 0.02495   0.025 0.02505  0.0251 0.02515  0.0252 0.02525  0.0253 0.02535  0.0254 0.02545  0.0255 0.02555  0.0256 0.02565  0.0257 0.02575  0.0258 0.02585  0.0259 0.02595   0.026 0.02605  0.0261 0.02615  0.0262 0.02625  0.0263 0.02635  0.0264 0.02645  0.0265 0.02655  0.0266 0.02665  0.0267 0.02675  0.0268 0.02685  0.0269 0.02695   0.027 0.02705  0.0271 0.02715  0.0272 0.02725  0.0273 0.02735  0.0274 0.02745  0.0275 0.02755  0.0276 0.02765  0.0277 0.02775  0.0278 0.02785  0.0279 0.02795   0.028 0.02805  0.0281 0.02815  0.0282 0.02825  0.0283 0.02835  0.0284 0.02845  0.0285 0.02855  0.0286 0.02865  0.0287 0.02875  0.0288 0.02885  0.0289 0.02895   0.029 0.02905  0.0291 0.02915  0.0292 0.02925  0.0293 0.02935  0.0294 0.02945  0.0295 0.02955  0.0296 0.02965  0.0297 0.02975  0.0298 0.02985  0.0299 0.02995    0.03 0.03005  0.0301 0.03015  0.0302 0.03025  0.0303 0.03035  0.0304 0.03045  0.0305 0.03055  0.0306 0.03065  0.0307 0.03075  0.0308 0.03085  0.0309 0.03095   0.031 0.03105  0.0311 0.03115  0.0312 0.03125  0.0313 0.03135  0.0314 0.03145  0.0315 0.03155  0.0316 0.03165  0.0317 0.03175  0.0318 0.03185  0.0319 0.03195   0.032 0.03205  0.0321 0.03215  0.0322 0.03225  0.0323 0.03235  0.0324 0.03245  0.0325 0.03255  0.0326 0.03265  0.0327 0.03275  0.0328 0.03285  0.0329 0.03295   0.033 0.03305  0.0331 0.03315  0.0332 0.03325  0.0333 0.03335  0.0334 0.03345  0.0335 0.03355  0.0336 0.03365  0.0337 0.03375  0.0338 0.03385  0.0339 0.03395   0.034 0.03405  0.0341 0.03415  0.0342 0.03425  0.0343 0.03435  0.0344 0.03445  0.0345 0.03455  0.0346 0.03465  0.0347 0.03475  0.0348 0.03485  0.0349 0.03495   0.035 0.03505  0.0351 0.03515  0.0352 0.03525  0.0353 0.03535  0.0354 0.03545  0.0355 0.03555  0.0356 0.03565  0.0357 0.03575  0.0358 0.03585  0.0359 0.03595   0.036 0.03605  0.0361 0.03615  0.0362 0.03625  0.0363 0.03635  0.0364 0.03645  0.0365 0.03655  0.0366 0.03665  0.0367 0.03675  0.0368 0.03685  0.0369 0.03695   0.037 0.03705  0.0371 0.03715  0.0372 0.03725  0.0373 0.03735  0.0374 0.03745  0.0375 0.03755  0.0376 0.03765  0.0377 0.03775  0.0378 0.03785  0.0379 0.03795   0.038 0.03805  0.0381 0.03815  0.0382 0.03825  0.0383 0.03835  0.0384 0.03845  0.0385 0.03855  0.0386 0.03865  0.0387 0.03875  0.0388 0.03885  0.0389 0.03895   0.039 0.03905  0.0391 0.03915  0.0392 0.03925  0.0393 0.03935  0.0394 0.03945  0.0395 0.03955  0.0396 0.03965  0.0397 0.03975  0.0398 0.03985  0.0399 0.03995    0.04 0.04005  0.0401 0.04015  0.0402 0.04025  0.0403 0.04035  0.0404 0.04045  0.0405 0.04055  0.0406 0.04065  0.0407 0.04075  0.0408 0.04085  0.0409 0.04095   0.041 0.04105  0.0411 0.04115  0.0412 0.04125  0.0413 0.04135  0.0414 0.04145  0.0415 0.04155  0.0416 0.04165  0.0417 0.04175  0.0418 0.04185  0.0419 0.04195   0.042 0.04205  0.0421 0.04215  0.0422 0.04225  0.0423 0.04235  0.0424 0.04245  0.0425 0.04255  0.0426 0.04265  0.0427 0.04275  0.0428 0.04285  0.0429 0.04295   0.043 0.04305  0.0431 0.04315  0.0432 0.04325  0.0433 0.04335  0.0434 0.04345  0.0435 0.04355  0.0436 0.04365  0.0437 0.04375  0.0438 0.04385  0.0439 0.04395   0.044 0.04405  0.0441 0.04415  0.0442 0.04425  0.0443 0.04435  0.0444 0.04445  0.0445 0.04455  0.0446 0.04465  0.0447 0.04475  0.0448 0.04485  0.0449 0.04495   0.045 0.04505  0.0451 0.04515  0.0452 0.04525  0.0453 0.04535  0.0454 0.04545  0.0455 0.04555  0.0456 0.04565  0.0457 0.04575  0.0458 0.04585  0.0459 0.04595   0.046 0.04605  0.0461 0.04615  0.0462 0.04625  0.0463 0.04635  0.0464 0.04645  0.0465 0.04655  0.0466 0.04665  0.0467 0.04675  0.0468 0.04685  0.0469 0.04695   0.047 0.04705  0.0471 0.04715  0.0472 0.04725  0.0473 0.04735  0.0474 0.04745  0.0475 0.04755  0.0476 0.04765  0.0477 0.04775  0.0478 0.04785  0.0479 0.04795   0.048 0.04805  0.0481 0.04815  0.0482 0.04825  0.0483 0.04835  0.0484 0.04845  0.0485 0.04855  0.0486 0.04865  0.0487 0.04875  0.0488 0.04885  0.0489 0.04895   0.049 0.04905  0.0491 0.04915  0.0492 0.04925  0.0493 0.04935  0.0494 0.04945  0.0495 0.04955  0.0496 0.04965  0.0497 0.04975  0.0498 0.04985  0.0499 0.04995    0.05 0.05005  0.0501 0.05015  0.0502 0.05025  0.0503 0.05035  0.0504 0.05045  0.0505 0.05055  0.0506 0.05065  0.0507 0.05075  0.0508 0.05085  0.0509 0.05095   0.051 0.05105  0.0511 0.05115  0.0512 0.05125  0.0513 0.05135  0.0514 0.05145  0.0515 0.05155  0.0516 0.05165  0.0517 0.05175  0.0518 0.05185  0.0519 0.05195   0.052 0.05205  0.0521 0.05215  0.0522 0.05225  0.0523 0.05235  0.0524 0.05245  0.0525 0.05255  0.0526 0.05265  0.0527 0.05275  0.0528 0.05285  0.0529 0.05295   0.053 0.05305  0.0531 0.05315  0.0532 0.05325  0.0533 0.05335  0.0534 0.05345  0.0535 0.05355  0.0536 0.05365  0.0537 0.05375  0.0538 0.05385  0.0539 0.05395   0.054 0.05405  0.0541 0.05415  0.0542 0.05425  0.0543 0.05435  0.0544 0.05445  0.0545 0.05455  0.0546 0.05465  0.0547 0.05475  0.0548 0.05485  0.0549 0.05495   0.055 0.05505  0.0551 0.05515  0.0552 0.05525  0.0553 0.05535  0.0554 0.05545  0.0555 0.05555  0.0556 0.05565  0.0557 0.05575  0.0558 0.05585  0.0559 0.05595   0.056 0.05605  0.0561 0.05615  0.0562 0.05625  0.0563 0.05635  0.0564 0.05645  0.0565 0.05655  0.0566 0.05665  0.0567 0.05675  0.0568 0.05685  0.0569 0.05695   0.057 0.05705  0.0571 0.05715  0.0572 0.05725  0.0573 0.05735  0.0574 0.05745  0.0575 0.05755  0.0576 0.05765  0.0577 0.05775  0.0578 0.05785  0.0579 0.05795   0.058 0.05805  0.0581 0.05815  0.0582 0.05825  0.0583 0.05835  0.0584 0.05845  0.0585 0.05855  0.0586 0.05865  0.0587 0.05875  0.0588 0.05885  0.0589 0.05895   0.059 0.05905  0.0591 0.05915  0.0592 0.05925  0.0593 0.05935  0.0594 0.05945  0.0595 0.05955  0.0596 0.05965  0.0597 0.05975  0.0598 0.05985  0.0599 0.05995    0.06 0.06005  0.0601 0.06015  0.0602 0.06025  0.0603 0.06035  0.0604 0.06045  0.0605 0.06055  0.0606 0.06065  0.0607 0.06075  0.0608 0.06085  0.0609 0.06095   0.061 0.06105  0.0611 0.06115  0.0612 0.06125  0.0613 0.06135  0.0614 0.06145  0.0615 0.06155  0.0616 0.06165  0.0617 0.06175  0.0618 0.06185  0.0619 0.06195   0.062 0.06205  0.0621 0.06215  0.0622 0.06225  0.0623 0.06235  0.0624 0.06245  0.0625 0.06255  0.0626 0.06265  0.0627 0.06275  0.0628 0.06285  0.0629 0.06295   0.063 0.06305  0.0631 0.06315  0.0632 0.06325  0.0633 0.06335  0.0634 0.06345  0.0635 0.06355  0.0636 0.06365  0.0637 0.06375  0.0638 0.06385  0.0639 0.06395   0.064 0.06405  0.0641 0.06415  0.0642 0.06425  0.0643 0.06435  0.0644 0.06445  0.0645 0.06455  0.0646 0.06465  0.0647 0.06475  0.0648 0.06485  0.0649 0.06495   0.065 0.06505  0.0651 0.06515  0.0652 0.06525  0.0653 0.06535  0.0654 0.06545  0.0655 0.06555  0.0656 0.06565  0.0657 0.06575  0.0658 0.06585  0.0659 0.06595   0.066 0.06605  0.0661 0.06615  0.0662 0.06625  0.0663 0.06635  0.0664 0.06645  0.0665 0.06655  0.0666 0.06665  0.0667 0.06675  0.0668 0.06685  0.0669 0.06695   0.067 0.06705  0.0671 0.06715  0.0672 0.06725  0.0673 0.06735  0.0674 0.06745  0.0675 0.06755  0.0676 0.06765  0.0677 0.06775  0.0678 0.06785  0.0679 0.06795   0.068 0.06805  0.0681 0.06815  0.0682 0.06825  0.0683 0.06835  0.0684 0.06845  0.0685 0.06855  0.0686 0.06865  0.0687 0.06875  0.0688 0.06885  0.0689 0.06895   0.069 0.06905  0.0691 0.06915  0.0692 0.06925  0.0693 0.06935  0.0694 0.06945  0.0695 0.06955  0.0696 0.06965  0.0697 0.06975  0.0698 0.06985  0.0699 0.06995    0.07 0.07005  0.0701 0.07015  0.0702 0.07025  0.0703 0.07035  0.0704 0.07045  0.0705 0.07055  0.0706 0.07065  0.0707 0.07075  0.0708 0.07085  0.0709 0.07095   0.071 0.07105  0.0711 0.07115  0.0712 0.07125  0.0713 0.07135  0.0714 0.07145  0.0715 0.07155  0.0716 0.07165  0.0717 0.07175  0.0718 0.07185  0.0719 0.07195   0.072 0.07205  0.0721 0.07215  0.0722 0.07225  0.0723 0.07235  0.0724 0.07245  0.0725 0.07255  0.0726 0.07265  0.0727 0.07275  0.0728 0.07285  0.0729 0.07295   0.073 0.07305  0.0731 0.07315  0.0732 0.07325  0.0733 0.07335  0.0734 0.07345  0.0735 0.07355  0.0736 0.07365  0.0737 0.07375  0.0738 0.07385  0.0739 0.07395   0.074 0.07405  0.0741 0.07415  0.0742 0.07425  0.0743 0.07435  0.0744 0.07445  0.0745 0.07455  0.0746 0.07465  0.0747 0.07475  0.0748 0.07485  0.0749 0.07495   0.075 0.07505  0.0751 0.07515  0.0752 0.07525  0.0753 0.07535  0.0754 0.07545  0.0755 0.07555  0.0756 0.07565  0.0757 0.07575  0.0758 0.07585  0.0759 0.07595   0.076 0.07605  0.0761 0.07615  0.0762 0.07625  0.0763 0.07635  0.0764 0.07645  0.0765 0.07655  0.0766 0.07665  0.0767 0.07675  0.0768 0.07685  0.0769 0.07695   0.077 0.07705  0.0771 0.07715  0.0772 0.07725  0.0773 0.07735  0.0774 0.07745  0.0775 0.07755  0.0776 0.07765  0.0777 0.07775  0.0778 0.07785  0.0779 0.07795   0.078 0.07805  0.0781 0.07815  0.0782 0.07825  0.0783 0.07835  0.0784 0.07845  0.0785 0.07855  0.0786 0.07865  0.0787 0.07875  0.0788 0.07885  0.0789 0.07895   0.079 0.07905  0.0791 0.07915  0.0792 0.07925  0.0793 0.07935  0.0794 0.07945  0.0795 0.07955  0.0796 0.07965  0.0797 0.07975  0.0798 0.07985  0.0799 0.07995    0.08 0.08005  0.0801 0.08015  0.0802 0.08025  0.0803 0.08035  0.0804 0.08045  0.0805 0.08055  0.0806 0.08065  0.0807 0.08075  0.0808 0.08085  0.0809 0.08095   0.081 0.08105  0.0811 0.08115  0.0812 0.08125  0.0813 0.08135  0.0814 0.08145  0.0815 0.08155  0.0816 0.08165  0.0817 0.08175  0.0818 0.08185  0.0819 0.08195   0.082 0.08205  0.0821 0.08215  0.0822 0.08225  0.0823 0.08235  0.0824 0.08245  0.0825 0.08255  0.0826 0.08265  0.0827 0.08275  0.0828 0.08285  0.0829 0.08295   0.083 0.08305  0.0831 0.08315  0.0832 0.08325  0.0833 0.08335  0.0834 0.08345  0.0835 0.08355  0.0836 0.08365  0.0837 0.08375  0.0838 0.08385  0.0839 0.08395   0.084 0.08405  0.0841 0.08415  0.0842 0.08425  0.0843 0.08435  0.0844 0.08445  0.0845 0.08455  0.0846 0.08465  0.0847 0.08475  0.0848 0.08485  0.0849 0.08495   0.085 0.08505  0.0851 0.08515  0.0852 0.08525  0.0853 0.08535  0.0854 0.08545  0.0855 0.08555  0.0856 0.08565  0.0857 0.08575  0.0858 0.08585  0.0859 0.08595   0.086 0.08605  0.0861 0.08615  0.0862 0.08625  0.0863 0.08635  0.0864 0.08645  0.0865 0.08655  0.0866 0.08665  0.0867 0.08675  0.0868 0.08685  0.0869 0.08695   0.087 0.08705  0.0871 0.08715  0.0872 0.08725  0.0873 0.08735  0.0874 0.08745  0.0875 0.08755  0.0876 0.08765  0.0877 0.08775  0.0878 0.08785  0.0879 0.08795   0.088 0.08805  0.0881 0.08815  0.0882 0.08825  0.0883 0.08835  0.0884 0.08845  0.0885 0.08855  0.0886 0.08865  0.0887 0.08875  0.0888 0.08885  0.0889 0.08895   0.089 0.08905  0.0891 0.08915  0.0892 0.08925  0.0893 0.08935  0.0894 0.08945  0.0895 0.08955  0.0896 0.08965  0.0897 0.08975  0.0898 0.08985  0.0899 0.08995    0.09 0.09005  0.0901 0.09015  0.0902 0.09025  0.0903 0.09035  0.0904 0.09045  0.0905 0.09055  0.0906 0.09065  0.0907 0.09075  0.0908 0.09085  0.0909 0.09095   0.091 0.09105  0.0911 0.09115  0.0912 0.09125  0.0913 0.09135  0.0914 0.09145  0.0915 0.09155  0.0916 0.09165  0.0917 0.09175  0.0918 0.09185  0.0919 0.09195   0.092 0.09205  0.0921 0.09215  0.0922 0.09225  0.0923 0.09235  0.0924 0.09245  0.0925 0.09255  0.0926 0.09265  0.0927 0.09275  0.0928 0.09285  0.0929 0.09295   0.093 0.09305  0.0931 0.09315  0.0932 0.09325  0.0933 0.09335  0.0934 0.09345  0.0935 0.09355  0.0936 0.09365  0.0937 0.09375  0.0938 0.09385  0.0939 0.09395   0.094 0.09405  0.0941 0.09415  0.0942 0.09425  0.0943 0.09435  0.0944 0.09445  0.0945 0.09455  0.0946 0.09465  0.0947 0.09475  0.0948 0.09485  0.0949 0.09495   0.095 0.09505  0.0951 0.09515  0.0952 0.09525  0.0953 0.09535  0.0954 0.09545  0.0955 0.09555  0.0956 0.09565  0.0957 0.09575  0.0958 0.09585  0.0959 0.09595   0.096 0.09605  0.0961 0.09615  0.0962 0.09625  0.0963 0.09635  0.0964 0.09645  0.0965 0.09655  0.0966 0.09665  0.0967 0.09675  0.0968 0.09685  0.0969 0.09695   0.097 0.09705  0.0971 0.09715  0.0972 0.09725  0.0973 0.09735  0.0974 0.09745  0.0975 0.09755  0.0976 0.09765  0.0977 0.09775  0.0978 0.09785  0.0979 0.09795   0.098 0.09805  0.0981 0.09815  0.0982 0.09825  0.0983 0.09835  0.0984 0.09845  0.0985 0.09855  0.0986 0.09865  0.0987 0.09875  0.0988 0.09885  0.0989 0.09895   0.099 0.09905  0.0991 0.09915  0.0992 0.09925  0.0993 0.09935  0.0994 0.09945  0.0995 0.09955  0.0996 0.09965  0.0997 0.09975  0.0998 0.09985  0.0999 0.09995     0.1

y_all信息：
y_all维度: 2001 x 43
y_all.row(0)内容:
 247.579   369.58  232.184  201.356 -323.641 -354.287  170.494  139.605  108.693  77.7621  46.8187  15.8677  -15.086 -46.0371 -76.9807 -107.911 -138.824 -169.714 -200.576 -231.405 -262.196 -292.943 -976.289 -1009.47 -994.478 -959.714 -1065.14 -1106.52 -1133.57 -1146.24 -1144.54 -1128.48 -1098.08 -1053.39 -1039.09 -1087.62 -1121.84  -1141.7 -1147.19 -1138.31 -1115.07 -1077.52 -1025.71



JFNK begin

j:  0
0.0  /  0.1
runing time:
elapsed time: 0.14[s]
y信息
[[ 2.47578595e+02  3.69579944e+02  2.32183777e+02  2.01355772e+02
  -3.23641431e+02 -3.54286631e+02  1.70494493e+02  1.39605042e+02
   1.08692524e+02  7.77620502e+01  4.68187327e+01  1.58676867e+01
  -1.50859716e+01 -4.60371254e+01 -7.69806585e+01 -1.07911456e+02
  -1.38824405e+02 -1.69714395e+02 -2.00576320e+02 -2.31405079e+02
  -2.62195576e+02 -2.92942721e+02 -9.76288535e+02 -1.00946723e+03
  -9.94478214e+02 -9.59713649e+02 -1.06514262e+03 -1.10652404e+03
  -1.13356608e+03 -1.14624181e+03 -1.14454281e+03 -1.12847914e+03
  -1.09807939e+03 -1.05339060e+03 -1.03908811e+03 -1.08762335e+03
  -1.12183960e+03 -1.14170070e+03 -1.14718896e+03 -1.13830521e+03
  -1.11506877e+03 -1.07751747e+03 -1.02570755e+03]
 [ 2.47579115e+02  3.69490507e+02  2.32186567e+02  2.01363076e+02
  -3.23558750e+02 -3.54199454e+02  1.70506289e+02  1.39621310e+02
   1.08713248e+02  7.77872141e+01  4.68483245e+01  1.59016966e+01
  -1.50475509e+01 -4.59942987e+01 -7.69334280e+01 -1.07859821e+02
  -1.38768363e+02 -1.69653941e+02 -2.00511447e+02 -2.31335776e+02
  -2.62121829e+02 -2.92864516e+02  1.05031495e+04  1.04842821e+04
   1.04311137e+04  1.04440336e+04  1.04515255e+04  1.04254459e+04
   1.04060785e+04  1.03934452e+04  1.03875544e+04  1.03884011e+04
   1.03959668e+04  1.04102194e+04  1.04670719e+04  1.04376486e+04
   1.04149215e+04  1.03989192e+04  1.03896570e+04  1.03871364e+04
   1.03913458e+04  1.04022597e+04  1.04198397e+04]
 [ 2.47491674e+02  3.69269796e+02  2.32106864e+02  2.01298839e+02
  -3.23361113e+02 -3.53986435e+02  1.70457507e+02  1.39587974e+02
   1.08695347e+02  7.77847413e+01  4.68612718e+01  1.59300568e+01
  -1.50037840e+01 -4.59351308e+01 -7.68588642e+01 -1.07769866e+02
  -1.38663020e+02 -1.69533212e+02 -2.00375335e+02 -2.31184282e+02
  -2.61954955e+02 -2.92682260e+02  2.19788560e+04  2.19743065e+04
   2.18529996e+04  2.18440703e+04  2.19644804e+04  2.19537118e+04
   2.19420259e+04  2.19294396e+04  2.19159611e+04  2.19015906e+04
   2.18863194e+04  2.18701308e+04  2.19695132e+04  2.19592121e+04
   2.19479823e+04  2.19358446e+04  2.19228117e+04  2.19088877e+04
   2.18940684e+04  2.18783412e+04  2.18616849e+04]]

j:  100
0.009999999999999995  /  0.1
runing time:
elapsed time: 15.15[s]
y信息
[[-2.01683106e+02 -2.98254884e+02 -1.89213927e+02 -1.64243541e+02
   2.61046023e+02  2.85868071e+02 -1.39245357e+02 -1.14223606e+02
  -8.91825258e+01 -6.41263573e+01 -3.90593430e+01 -1.39857278e+01
   1.10902425e+01  3.61643217e+01  6.12322636e+01  8.62898236e+01
   1.11332758e+02  1.36356827e+02  1.61357793e+02  1.86331421e+02
   2.11273484e+02  2.36179757e+02 -3.57189004e+05 -3.57608272e+05
  -3.55495003e+05 -3.54842100e+05 -3.58277640e+05 -3.58721116e+05
  -3.58938421e+05 -3.58929419e+05 -3.58694118e+05 -3.58232664e+05
  -3.57545348e+05 -3.56632604e+05 -3.57971169e+05 -3.58527635e+05
  -3.58858051e+05 -3.58962211e+05 -3.58840050e+05 -3.58491645e+05
  -3.57917215e+05 -3.57117122e+05 -3.56091869e+05]
 [-1.98940397e+02 -2.94088145e+02 -1.86643614e+02 -1.62018424e+02
   2.57393702e+02  2.81872594e+02 -1.37365786e+02 -1.12689879e+02
  -8.79948833e+01 -6.32849864e+01 -3.85643762e+01 -1.38372428e+01
   1.08922225e+01  3.56198283e+01  6.03413832e+01  8.50526970e+01
   1.09749581e+02  1.34427849e+02  1.59083319e+02  1.83711811e+02
   2.08309150e+02  2.32871168e+02 -3.66423284e+05 -3.66854419e+05
  -3.64686221e+05 -3.64015381e+05 -3.67542819e+05 -3.67999047e+05
  -3.68222819e+05 -3.68213992e+05 -3.67972573e+05 -3.67498715e+05
  -3.66792716e+05 -3.65855021e+05 -3.67227616e+05 -3.67799976e+05
  -3.68140002e+05 -3.68247483e+05 -3.68122350e+05 -3.67764684e+05
  -3.67174709e+05 -3.66352797e+05 -3.65299467e+05]
 [-1.96127008e+02 -2.89816920e+02 -1.84006989e+02 -1.59735745e+02
   2.53649933e+02  2.77776972e+02 -1.35437412e+02 -1.11116114e+02
  -8.67759775e+01 -6.24211314e+01 -3.80557081e+01 -1.36838418e+01
   1.06903327e+01  3.50626798e+01  5.94290644e+01  8.37853524e+01
   1.08127411e+02  1.32451111e+02  1.56752325e+02  1.81026930e+02
   2.05270808e+02  2.29479845e+02 -3.75527380e+05 -3.75970228e+05
  -3.73747872e+05 -3.73059334e+05 -3.76677415e+05 -3.77146235e+05
  -3.77376392e+05 -3.77367743e+05 -3.77120293e+05 -3.76634199e+05
  -3.75909767e+05 -3.74947456e+05 -3.76353593e+05 -3.76941643e+05
  -3.77291159e+05 -3.77401922e+05 -3.77273862e+05 -3.76907061e+05
  -3.76301750e+05 -3.75458312e+05 -3.74377279e+05]]

j:  200
0.019999999999999934  /  0.1
runing time:
elapsed time: 28.98[s]
y信息
[[ 7.87515242e+01  1.13006595e+02  7.39707867e+01  6.43958596e+01
  -9.87399058e+01 -1.08257622e+02  5.48092262e+01  4.52126342e+01
   3.56078335e+01  2.59965753e+01  1.63806117e+01  6.76169616e+00
  -2.85841777e+00 -1.24779761e+01 -2.20952251e+01 -3.17084112e+01
  -4.13157820e+01 -5.09155856e+01 -6.05060720e+01 -7.00854926e+01
  -7.96521008e+01 -8.92041524e+01  5.78920237e+05  5.79631805e+05
   5.76197476e+05  5.75106293e+05  5.80770541e+05  5.81529482e+05
   5.81908131e+05  5.81906242e+05  5.81523817e+05  5.80761105e+05
   5.79618606e+05  5.78097065e+05  5.80248607e+05  5.81197523e+05
   5.81766364e+05  5.81954759e+05  5.81762587e+05  5.81189972e+05
   5.80237288e+05  5.78905159e+05  5.77194455e+05]
 [ 7.43132090e+01  1.06354106e+02  6.98091435e+01  6.07882408e+01
  -9.29130077e+01 -1.01879983e+02  5.17562215e+01  4.27147429e+01
   3.36654639e+01  2.46100447e+01  1.55501469e+01  6.48743260e+00
  -2.57643540e+00 -1.16397941e+01 -2.07009808e+01 -2.97583329e+01
  -3.88101887e+01 -4.78548875e+01 -5.68907698e+01 -6.59161777e+01
  -7.49294554e+01 -8.39289491e+01  5.82382179e+05  5.83098636e+05
   5.79643588e+05  5.78545226e+05  5.84245247e+05  5.85009521e+05
   5.85390957e+05  5.85389309e+05  5.85004576e+05  5.84237010e+05
   5.83087114e+05  5.81555640e+05  5.83719693e+05  5.84675213e+05
   5.85248115e+05  5.85438024e+05  5.85244818e+05  5.84668621e+05
   5.83709812e+05  5.82369018e+05  5.80647113e+05]
 [ 6.98484914e+01  9.96638305e+01  6.56226981e+01  5.71590248e+01
  -8.70530989e+01 -9.54661463e+01  4.86848287e+01  4.02016758e+01
   3.17111334e+01  2.32147706e+01  1.47141573e+01  6.21086416e+00
  -2.29353765e+00 -1.07974767e+01 -1.92993818e+01 -2.77976819e+01
  -3.62908068e+01 -4.47771872e+01 -5.32552551e+01 -6.17234439e+01
  -7.01801888e+01 -7.86239272e+01  5.85637209e+05  5.86358301e+05
   5.82883760e+05  5.81778611e+05  5.87512379e+05  5.88281715e+05
   5.88665804e+05  5.88664395e+05  5.88277491e+05  5.87505345e+05
   5.86348461e+05  5.84807597e+05  5.86983392e+05  5.87945177e+05
   5.88521936e+05  5.88713292e+05  5.88519120e+05  5.87939548e+05
   5.86974953e+05  5.85625969e+05  5.83893477e+05]]

j:  300
0.029999999999999874  /  0.1
runing time:
elapsed time: 44.15[s]
y信息
[[ 7.42604648e+01  1.15406372e+02  6.95266816e+01  6.00488536e+01
  -1.01281498e+02 -1.10703557e+02  5.05621676e+01  4.10680286e+01
   3.15678426e+01  2.20630165e+01  1.25549580e+01  3.04507511e+00
  -6.46522394e+00 -1.59745307e+01 -2.54814371e+01 -3.49845351e+01
  -4.44824175e+01 -5.39736778e+01 -6.34569103e+01 -7.29307108e+01
  -8.23936763e+01 -9.18444052e+01 -5.79523616e+05 -5.80255691e+05
  -5.76812098e+05 -5.75699428e+05 -5.81428836e+05 -5.82213351e+05
  -5.82608713e+05 -5.82614658e+05 -5.82231183e+05 -5.81458544e+05
  -5.80297256e+05 -5.78748096e+05 -5.80890799e+05 -5.81869711e+05
  -5.82459699e+05 -5.82660369e+05 -5.82471588e+05 -5.81893483e+05
  -5.80926439e+05 -5.79571102e+05 -5.77828377e+05]
 [ 7.86991013e+01  1.22003586e+02  7.36900489e+01  6.36609866e+01
  -1.07057297e+02 -1.17027319e+02  5.36224627e+01  4.35759744e+01
   3.35230201e+01  2.34650992e+01  1.34037116e+01  3.34035794e+00
  -6.72346101e+00 -1.67862443e+01 -2.68464913e+01 -3.69027015e+01
  -4.69533753e+01 -5.69970136e+01 -6.70321186e+01 -7.70571937e+01
  -8.70707437e+01 -9.70712752e+01 -5.75890875e+05 -5.76618994e+05
  -5.73196805e+05 -5.72090458e+05 -5.77785849e+05 -5.78566241e+05
  -5.78959647e+05 -5.78965806e+05 -5.78584714e+05 -5.77816625e+05
  -5.76662053e+05 -5.75121770e+05 -5.77250687e+05 -5.78224391e+05
  -5.78811339e+05 -5.79011139e+05 -5.78823657e+05 -5.78249018e+05
  -5.77287607e+05 -5.75940067e+05 -5.74207298e+05]
 [ 8.31097772e+01  1.28557454e+02  7.78272352e+01  6.72505018e+01
  -1.12795059e+02 -1.23309502e+02  5.66637065e+01  4.60684384e+01
   3.54662875e+01  2.48588451e+01  1.42477030e+01  3.63445397e+00
  -6.97930935e+00 -1.75919940e+01 -2.82020073e+01 -3.88077569e+01
  -4.94076512e+01 -6.00000992e+01 -7.05835114e+01 -8.11562993e+01
  -9.17168762e+01 -1.02263657e+02 -5.72053529e+05 -5.72777433e+05
  -5.69377864e+05 -5.68278233e+05 -5.73937584e+05 -5.74713574e+05
  -5.75104886e+05 -5.75111256e+05 -5.74732682e+05 -5.73969417e+05
  -5.72821971e+05 -5.71291112e+05 -5.73405486e+05 -5.74373638e+05
  -5.74957337e+05 -5.75156195e+05 -5.74970078e+05 -5.74399110e+05
  -5.73443675e+05 -5.72104411e+05 -5.70382213e+05]]

j:  400
0.04000000000000012  /  0.1
runing time:
elapsed time: 60.33[s]
y信息
[[-1.98907480e+02 -2.99738028e+02 -1.86467321e+02 -1.61556946e+02
   2.62616813e+02  2.87379741e+02 -1.36620532e+02 -1.11662100e+02
  -8.66856759e+01 -6.16952860e+01 -3.66949605e+01 -1.16887311e+01
   1.33193700e+01  3.83253101e+01  6.33250567e+01  8.83145785e+01
   1.13289846e+02  1.38246831e+02  1.63181510e+02  1.88089862e+02
   2.12967870e+02  2.37811522e+02  3.58768672e+05  3.59241624e+05
   3.57104103e+05  3.56394950e+05  3.60001077e+05  3.60511509e+05
   3.60772569e+05  3.60784078e+05  3.60546027e+05  3.60058582e+05
   3.59322078e+05  3.58337025e+05  3.59652449e+05  3.60287447e+05
   3.60673226e+05  3.60809522e+05  3.60696241e+05  3.60333462e+05
   3.59721434e+05  3.58860582e+05  3.57751499e+05]
 [-2.01651030e+02 -3.03760056e+02 -1.89042147e+02 -1.63793881e+02
   2.66135353e+02  2.91234162e+02 -1.38519189e+02 -1.13222151e+02
  -8.79068500e+01 -6.25773728e+01 -3.72378078e+01 -1.18922451e+01
   1.34552240e+01  3.88005083e+01  6.41395165e+01  8.94681586e+01
   1.14782346e+02  1.40077993e+02  1.65351017e+02  1.90597337e+02
   2.15812879e+02  2.40993572e+02  3.49428831e+05  3.49890494e+05
   3.47808325e+05  3.47116580e+05  3.50631895e+05  3.51130321e+05
   3.51385430e+05  3.51397044e+05  3.51165157e+05  3.50689929e+05
   3.49971688e+05  3.49010932e+05  3.50291538e+05  3.50911505e+05
   3.51288305e+05  3.51421678e+05  3.51311532e+05  3.50957944e+05
   3.50361158e+05  3.49521587e+05  3.48439812e+05]
 [-2.04322936e+02 -3.07674162e+02 -1.91549810e+02 -1.65972623e+02
   2.69559339e+02  2.94985112e+02 -1.40368632e+02 -1.14741975e+02
  -8.90967921e+01 -6.34372268e+01 -3.77674250e+01 -1.20915340e+01
   1.35862976e+01  3.92619213e+01  6.49311885e+01  9.05899520e+01
   1.16234066e+02  1.41859388e+02  1.67461776e+02  1.93037095e+02
   2.18581212e+02  2.44090001e+02  3.39964844e+05  3.40415053e+05
   3.38388976e+05  3.37714885e+05  3.41138139e+05  3.41624383e+05
   3.41873448e+05  3.41885165e+05  3.41659523e+05  3.41196681e+05
   3.40496958e+05  3.39560841e+05  3.40806174e+05  3.41410891e+05
   3.41778577e+05  3.41908980e+05  3.41802008e+05  3.41457736e+05
   3.40876403e+05  3.40058412e+05  3.39004330e+05]]

j:  500
0.050000000000000405  /  0.1
runing time:
elapsed time: 72.39[s]
y信息
[[ 2.47578601e+02  3.69579944e+02  2.32183783e+02  2.01355778e+02
  -3.23641430e+02 -3.54286631e+02  1.70494498e+02  1.39605047e+02
   1.08692529e+02  7.77620546e+01  4.68187368e+01  1.58676905e+01
  -1.50859681e+01 -4.60371222e+01 -7.69806557e+01 -1.07911453e+02
  -1.38824402e+02 -1.69714393e+02 -2.00576319e+02 -2.31405078e+02
  -2.62195575e+02 -2.92942720e+02 -9.76288537e+02 -1.00946723e+03
  -9.94478109e+02 -9.59713544e+02 -1.06514261e+03 -1.10652402e+03
  -1.13356605e+03 -1.14624176e+03 -1.14454273e+03 -1.12847905e+03
  -1.09807929e+03 -1.05339049e+03 -1.03908811e+03 -1.08762333e+03
  -1.12183957e+03 -1.14170065e+03 -1.14718889e+03 -1.13830512e+03
  -1.11506867e+03 -1.07751736e+03 -1.02570744e+03]
 [ 2.47579121e+02  3.69490508e+02  2.32186573e+02  2.01363082e+02
  -3.23558749e+02 -3.54199454e+02  1.70506295e+02  1.39621315e+02
   1.08713252e+02  7.77872184e+01  4.68483285e+01  1.59017003e+01
  -1.50475474e+01 -4.59942955e+01 -7.69334252e+01 -1.07859819e+02
  -1.38768361e+02 -1.69653939e+02 -2.00511445e+02 -2.31335774e+02
  -2.62121829e+02 -2.92864515e+02  1.05031496e+04  1.04842822e+04
   1.04311139e+04  1.04440338e+04  1.04515256e+04  1.04254460e+04
   1.04060786e+04  1.03934454e+04  1.03875546e+04  1.03884013e+04
   1.03959670e+04  1.04102196e+04  1.04670720e+04  1.04376487e+04
   1.04149216e+04  1.03989194e+04  1.03896572e+04  1.03871366e+04
   1.03913460e+04  1.04022600e+04  1.04198399e+04]
 [ 2.47491679e+02  3.69269796e+02  2.32106870e+02  2.01298844e+02
  -3.23361113e+02 -3.53986435e+02  1.70457512e+02  1.39587979e+02
   1.08695352e+02  7.77847456e+01  4.68612757e+01  1.59300605e+01
  -1.50037807e+01 -4.59351278e+01 -7.68588614e+01 -1.07769863e+02
  -1.38663017e+02 -1.69533210e+02 -2.00375333e+02 -2.31184281e+02
  -2.61954954e+02 -2.92682260e+02  2.19788562e+04  2.19743067e+04
   2.18529999e+04  2.18440706e+04  2.19644806e+04  2.19537120e+04
   2.19420262e+04  2.19294399e+04  2.19159615e+04  2.19015909e+04
   2.18863197e+04  2.18701311e+04  2.19695134e+04  2.19592124e+04
   2.19479825e+04  2.19358449e+04  2.19228120e+04  2.19088880e+04
   2.18940687e+04  2.18783415e+04  2.18616853e+04]]

j:  600
0.06000000000000069  /  0.1
runing time:
elapsed time: 83.36[s]
y信息
[[-2.01683111e+02 -2.98254884e+02 -1.89213932e+02 -1.64243546e+02
   2.61046022e+02  2.85868071e+02 -1.39245361e+02 -1.14223610e+02
  -8.91825300e+01 -6.41263612e+01 -3.90593467e+01 -1.39857312e+01
   1.10902394e+01  3.61643188e+01  6.12322610e+01  8.62898213e+01
   1.11332756e+02  1.36356825e+02  1.61357791e+02  1.86331420e+02
   2.11273483e+02  2.36179756e+02 -3.57189004e+05 -3.57608272e+05
  -3.55495003e+05 -3.54842100e+05 -3.58277640e+05 -3.58721116e+05
  -3.58938421e+05 -3.58929420e+05 -3.58694118e+05 -3.58232664e+05
  -3.57545349e+05 -3.56632604e+05 -3.57971169e+05 -3.58527635e+05
  -3.58858051e+05 -3.58962211e+05 -3.58840050e+05 -3.58491645e+05
  -3.57917215e+05 -3.57117122e+05 -3.56091869e+05]
 [-1.98940402e+02 -2.94088145e+02 -1.86643619e+02 -1.62018429e+02
   2.57393702e+02  2.81872594e+02 -1.37365791e+02 -1.12689883e+02
  -8.79948874e+01 -6.32849903e+01 -3.85643799e+01 -1.38372462e+01
   1.08922194e+01  3.56198255e+01  6.03413807e+01  8.50526947e+01
   1.09749579e+02  1.34427848e+02  1.59083318e+02  1.83711810e+02
   2.08309150e+02  2.32871168e+02 -3.66423284e+05 -3.66854419e+05
  -3.64686222e+05 -3.64015382e+05 -3.67542819e+05 -3.67999047e+05
  -3.68222819e+05 -3.68213992e+05 -3.67972573e+05 -3.67498715e+05
  -3.66792716e+05 -3.65855021e+05 -3.67227616e+05 -3.67799976e+05
  -3.68140003e+05 -3.68247483e+05 -3.68122351e+05 -3.67764684e+05
  -3.67174709e+05 -3.66352797e+05 -3.65299467e+05]
 [-1.96127013e+02 -2.89816920e+02 -1.84006994e+02 -1.59735750e+02
   2.53649933e+02  2.77776972e+02 -1.35437417e+02 -1.11116119e+02
  -8.67759816e+01 -6.24211352e+01 -3.80557117e+01 -1.36838450e+01
   1.06903297e+01  3.50626771e+01  5.94290620e+01  8.37853502e+01
   1.08127409e+02  1.32451110e+02  1.56752324e+02  1.81026929e+02
   2.05270807e+02  2.29479844e+02 -3.75527381e+05 -3.75970228e+05
  -3.73747872e+05 -3.73059334e+05 -3.76677415e+05 -3.77146235e+05
  -3.77376393e+05 -3.77367744e+05 -3.77120294e+05 -3.76634199e+05
  -3.75909768e+05 -3.74947456e+05 -3.76353593e+05 -3.76941643e+05
  -3.77291159e+05 -3.77401922e+05 -3.77273862e+05 -3.76907061e+05
  -3.76301751e+05 -3.75458312e+05 -3.74377279e+05]]

j:  700
0.07000000000000098  /  0.1
runing time:
elapsed time: 95.32[s]
y信息
[[ 7.87515285e+01  1.13006595e+02  7.39707910e+01  6.43958638e+01
  -9.87399056e+01 -1.08257622e+02  5.48092302e+01  4.52126381e+01
   3.56078372e+01  2.59965787e+01  1.63806150e+01  6.76169915e+00
  -2.85841501e+00 -1.24779736e+01 -2.20952228e+01 -3.17084092e+01
  -4.13157802e+01 -5.09155841e+01 -6.05060708e+01 -7.00854916e+01
  -7.96521000e+01 -8.92041519e+01  5.78920237e+05  5.79631806e+05
   5.76197477e+05  5.75106293e+05  5.80770541e+05  5.81529482e+05
   5.81908131e+05  5.81906242e+05  5.81523817e+05  5.80761105e+05
   5.79618606e+05  5.78097065e+05  5.80248607e+05  5.81197523e+05
   5.81766364e+05  5.81954760e+05  5.81762587e+05  5.81189972e+05
   5.80237288e+05  5.78905159e+05  5.77194455e+05]
 [ 7.43132133e+01  1.06354106e+02  6.98091477e+01  6.07882449e+01
  -9.29130075e+01 -1.01879983e+02  5.17562255e+01  4.27147467e+01
   3.36654675e+01  2.46100481e+01  1.55501500e+01  6.48743552e+00
  -2.57643271e+00 -1.16397917e+01 -2.07009786e+01 -2.97583310e+01
  -3.88101870e+01 -4.78548860e+01 -5.68907686e+01 -6.59161768e+01
  -7.49294547e+01 -8.39289487e+01  5.82382179e+05  5.83098636e+05
   5.79643588e+05  5.78545226e+05  5.84245247e+05  5.85009521e+05
   5.85390958e+05  5.85389309e+05  5.85004576e+05  5.84237010e+05
   5.83087115e+05  5.81555640e+05  5.83719693e+05  5.84675213e+05
   5.85248115e+05  5.85438025e+05  5.85244818e+05  5.84668622e+05
   5.83709813e+05  5.82369018e+05  5.80647114e+05]
 [ 6.98484956e+01  9.96638307e+01  6.56227023e+01  5.71590289e+01
  -8.70530988e+01 -9.54661464e+01  4.86848326e+01  4.02016795e+01
   3.17111369e+01  2.32147739e+01  1.47141604e+01  6.21086699e+00
  -2.29353506e+00 -1.07974744e+01 -1.92993797e+01 -2.77976800e+01
  -3.62908052e+01 -4.47771859e+01 -5.32552540e+01 -6.17234430e+01
  -7.01801882e+01 -7.86239268e+01  5.85637209e+05  5.86358301e+05
   5.82883761e+05  5.81778612e+05  5.87512380e+05  5.88281715e+05
   5.88665804e+05  5.88664396e+05  5.88277492e+05  5.87505345e+05
   5.86348461e+05  5.84807597e+05  5.86983392e+05  5.87945177e+05
   5.88521937e+05  5.88713293e+05  5.88519121e+05  5.87939548e+05
   5.86974954e+05  5.85625969e+05  5.83893478e+05]]

j:  800
0.08000000000000126  /  0.1
runing time:
elapsed time: 107.42[s]
y信息
[[ 7.42604610e+01  1.15406372e+02  6.95266778e+01  6.00488499e+01
  -1.01281498e+02 -1.10703557e+02  5.05621641e+01  4.10680252e+01
   3.15678394e+01  2.20630135e+01  1.25549552e+01  3.04507242e+00
  -6.46522645e+00 -1.59745331e+01 -2.54814392e+01 -3.49845370e+01
  -4.44824192e+01 -5.39736792e+01 -6.34569116e+01 -7.29307118e+01
  -8.23936770e+01 -9.18444057e+01 -5.79523616e+05 -5.80255691e+05
  -5.76812098e+05 -5.75699428e+05 -5.81428836e+05 -5.82213351e+05
  -5.82608713e+05 -5.82614659e+05 -5.82231183e+05 -5.81458544e+05
  -5.80297256e+05 -5.78748096e+05 -5.80890799e+05 -5.81869711e+05
  -5.82459699e+05 -5.82660369e+05 -5.82471589e+05 -5.81893483e+05
  -5.80926439e+05 -5.79571102e+05 -5.77828377e+05]
 [ 7.86990975e+01  1.22003586e+02  7.36900451e+01  6.36609830e+01
  -1.07057297e+02 -1.17027319e+02  5.36224592e+01  4.35759711e+01
   3.35230170e+01  2.34650962e+01  1.34037088e+01  3.34035531e+00
  -6.72346345e+00 -1.67862466e+01 -2.68464933e+01 -3.69027033e+01
  -4.69533769e+01 -5.69970150e+01 -6.70321198e+01 -7.70571946e+01
  -8.70707444e+01 -9.70712756e+01 -5.75890875e+05 -5.76618994e+05
  -5.73196805e+05 -5.72090458e+05 -5.77785849e+05 -5.78566241e+05
  -5.78959647e+05 -5.78965806e+05 -5.78584714e+05 -5.77816625e+05
  -5.76662054e+05 -5.75121770e+05 -5.77250687e+05 -5.78224392e+05
  -5.78811340e+05 -5.79011139e+05 -5.78823657e+05 -5.78249018e+05
  -5.77287608e+05 -5.75940068e+05 -5.74207299e+05]
 [ 8.31097735e+01  1.28557454e+02  7.78272315e+01  6.72504982e+01
  -1.12795059e+02 -1.23309502e+02  5.66637031e+01  4.60684352e+01
   3.54662844e+01  2.48588422e+01  1.42477003e+01  3.63445144e+00
  -6.97931170e+00 -1.75919962e+01 -2.82020093e+01 -3.88077587e+01
  -4.94076527e+01 -6.00001006e+01 -7.05835125e+01 -8.11563002e+01
  -9.17168769e+01 -1.02263658e+02 -5.72053529e+05 -5.72777433e+05
  -5.69377864e+05 -5.68278234e+05 -5.73937584e+05 -5.74713575e+05
  -5.75104886e+05 -5.75111257e+05 -5.74732683e+05 -5.73969417e+05
  -5.72821972e+05 -5.71291113e+05 -5.73405486e+05 -5.74373638e+05
  -5.74957338e+05 -5.75156195e+05 -5.74970078e+05 -5.74399111e+05
  -5.73443675e+05 -5.72104411e+05 -5.70382213e+05]]

j:  900
0.09000000000000155  /  0.1
runing time:
elapsed time: 119.04[s]
y信息
[[-1.98907477e+02 -2.99738028e+02 -1.86467318e+02 -1.61556943e+02
   2.62616813e+02  2.87379741e+02 -1.36620529e+02 -1.11662098e+02
  -8.66856731e+01 -6.16952833e+01 -3.66949581e+01 -1.16887287e+01
   1.33193722e+01  3.83253121e+01  6.33250585e+01  8.83145801e+01
   1.13289847e+02  1.38246832e+02  1.63181511e+02  1.88089863e+02
   2.12967871e+02  2.37811523e+02  3.58768672e+05  3.59241624e+05
   3.57104103e+05  3.56394950e+05  3.60001077e+05  3.60511509e+05
   3.60772569e+05  3.60784078e+05  3.60546027e+05  3.60058582e+05
   3.59322078e+05  3.58337026e+05  3.59652449e+05  3.60287447e+05
   3.60673226e+05  3.60809522e+05  3.60696241e+05  3.60333462e+05
   3.59721435e+05  3.58860582e+05  3.57751499e+05]
 [-2.01651027e+02 -3.03760056e+02 -1.89042144e+02 -1.63793878e+02
   2.66135353e+02  2.91234162e+02 -1.38519186e+02 -1.13222148e+02
  -8.79068473e+01 -6.25773702e+01 -3.72378054e+01 -1.18922429e+01
   1.34552261e+01  3.88005102e+01  6.41395182e+01  8.94681602e+01
   1.14782348e+02  1.40077994e+02  1.65351018e+02  1.90597338e+02
   2.15812879e+02  2.40993573e+02  3.49428831e+05  3.49890494e+05
   3.47808325e+05  3.47116580e+05  3.50631895e+05  3.51130322e+05
   3.51385430e+05  3.51397044e+05  3.51165157e+05  3.50689929e+05
   3.49971688e+05  3.49010932e+05  3.50291538e+05  3.50911506e+05
   3.51288306e+05  3.51421678e+05  3.51311532e+05  3.50957944e+05
   3.50361158e+05  3.49521587e+05  3.48439812e+05]
 [-2.04322933e+02 -3.07674162e+02 -1.91549807e+02 -1.65972620e+02
   2.69559339e+02  2.94985112e+02 -1.40368629e+02 -1.14741972e+02
  -8.90967895e+01 -6.34372244e+01 -3.77674227e+01 -1.20915319e+01
   1.35862996e+01  3.92619231e+01  6.49311902e+01  9.05899536e+01
   1.16234067e+02  1.41859389e+02  1.67461777e+02  1.93037096e+02
   2.18581213e+02  2.44090001e+02  3.39964844e+05  3.40415053e+05
   3.38388976e+05  3.37714885e+05  3.41138139e+05  3.41624383e+05
   3.41873449e+05  3.41885165e+05  3.41659523e+05  3.41196681e+05
   3.40496959e+05  3.39560841e+05  3.40806174e+05  3.41410891e+05
   3.41778578e+05  3.41908980e+05  3.41802008e+05  3.41457736e+05
   3.40876403e+05  3.40058413e+05  3.39004330e+05]]

jfnk_adaptive run time: 
130.2733895778656  s
JFNK finish

t_all信息：
[0.000e+00 5.000e-05 1.000e-04 ... 9.990e-02 9.995e-02 1.000e-01]
y_all信息：
[[   247.57859507    369.57994415    232.18377738 ...  -1115.06877148
   -1077.51746701  -1025.70754666]
 [   247.57911496    369.49050731    232.18656691 ...  10391.34576291
   10402.25972768  10419.83968586]
 [   247.49167378    369.26979614    232.10686412 ...  21894.06841093
   21878.34115845  21861.68490856]
 ...
 [   247.31369656    369.36489903    231.93074763 ... -24122.62159734
  -24031.84509571 -23911.64262627]
 [   247.49011202    369.5380673     232.09849445 ... -12621.08727836
  -12556.911975   -12470.89049839]
 [   247.57859801    369.57994434    232.18378024 ...  -1115.06888018
   -1077.51757489  -1025.70765413]]
running time:
130.4936671257019  s


backward_euler
(t1, 0,   , 0    , 0    )
(t1, t2-t1, 0    , 0    )
(t1, t2-t1, t3-t2, 0    )
(t1, t2-t1, t3-t2, t4-t3)



